# Made in Blockbench 4.3.1
mtllib witch.geo.mtl

o nose
v -0.04687499999999995 1.609375 0.375
v -0.04687499999999995 1.609375 0.40625
v -0.04687499999999995 1.578125 0.375
v -0.04687499999999995 1.578125 0.40625
v -0.01562499999999995 1.609375 0.40625
v -0.015624999999999955 1.609375 0.375
v -0.01562499999999995 1.578125 0.40625
v -0.015624999999999955 1.578125 0.375
vt 0.03125 0.9921875
vt 0.015625 0.9921875
vt 0.015625 0.984375
vt 0.03125 0.984375
vt 0.046875 0.9921875
vt 0.03125 0.9921875
vt 0.03125 0.984375
vt 0.046875 0.984375
vt 0.0625 0.9921875
vt 0.046875 0.9921875
vt 0.046875 0.984375
vt 0.0625 0.984375
vt 0.015625 0.9921875
vt 0 0.9921875
vt 0 0.984375
vt 0.015625 0.984375
vt 0.015625 0.9921875
vt 0.03125 0.9921875
vt 0.03125 1
vt 0.015625 1
vt 0.03125 1
vt 0.046875 1
vt 0.046875 0.9921875
vt 0.03125 0.9921875
vn 1.2246467991473532e-16 0 1
vn -1 0 1.2246467991473532e-16
vn -1.2246467991473532e-16 0 -1
vn 1 0 -1.2246467991473532e-16
vn 0 1 0
vn 0 -1 0
usemtl m_0
f 4/4/1 7/3/1 5/2/1 2/1/1
f 3/8/2 4/7/2 2/6/2 1/5/2
f 8/12/3 3/11/3 1/10/3 6/9/3
f 7/16/4 8/15/4 6/14/4 5/13/4
f 6/20/5 1/19/5 2/18/5 5/17/5
f 7/24/6 4/23/6 3/22/6 8/21/6
o nose
v -0.06249999999999997 1.6875 0.25
v -0.06249999999999995 1.6875 0.375
v -0.06249999999999997 1.4375 0.25
v -0.06249999999999995 1.4375 0.375
v 0.06250000000000004 1.6875 0.375
v 0.06250000000000003 1.6875 0.25
v 0.06250000000000004 1.4375 0.375
v 0.06250000000000003 1.4375 0.25
vt 0.4375 0.984375
vt 0.40625 0.984375
vt 0.40625 0.953125
vt 0.4375 0.953125
vt 0.46875 0.984375
vt 0.4375 0.984375
vt 0.4375 0.953125
vt 0.46875 0.953125
vt 0.5 0.984375
vt 0.46875 0.984375
vt 0.46875 0.953125
vt 0.5 0.953125
vt 0.40625 0.984375
vt 0.375 0.984375
vt 0.375 0.953125
vt 0.40625 0.953125
vt 0.40625 0.984375
vt 0.4375 0.984375
vt 0.4375 1
vt 0.40625 1
vt 0.4375 1
vt 0.46875 1
vt 0.46875 0.984375
vt 0.4375 0.984375
vn 1.2246467991473532e-16 0 1
vn -1 0 1.2246467991473532e-16
vn -1.2246467991473532e-16 0 -1
vn 1 0 -1.2246467991473532e-16
vn 0 1 0
vn 0 -1 0
usemtl m_0
f 12/28/7 15/27/7 13/26/7 10/25/7
f 11/32/8 12/31/8 10/30/8 9/29/8
f 16/36/9 11/35/9 9/34/9 14/33/9
f 15/40/10 16/39/10 14/38/10 13/37/10
f 14/44/11 9/43/11 10/42/11 13/41/11
f 15/48/12 12/47/12 11/46/12 16/45/12
o hat4
v -0.028585030995127048 2.6071052047598813 -0.273300811056846
v -0.0241680809758259 2.640346517327729 -0.18575329143867725
v -0.0560340512138891 2.463766809424624 -0.21749115049755297
v -0.051617101194587955 2.497008121992472 -0.1299436308793841
v 0.06801820605526016 2.623389063776458 -0.18396562466920285
v 0.06360125603595901 2.59014775120861 -0.2715131442873717
v 0.040569185836498156 2.4800506684412005 -0.1281559641099097
v 0.03615223581719701 2.4468093558733526 -0.21570348372807846
vt 0.03125 0.25
vt 0.015625 0.25
vt 0.015625 0.234375
vt 0.03125 0.234375
vt 0.046875 0.25
vt 0.03125 0.25
vt 0.03125 0.234375
vt 0.046875 0.234375
vt 0.0625 0.25
vt 0.046875 0.25
vt 0.046875 0.234375
vt 0.0625 0.234375
vt 0.015625 0.25
vt 0 0.25
vt 0 0.234375
vt 0.015625 0.234375
vt 0.015625 0.25
vt 0.03125 0.25
vt 0.03125 0.2578125
vt 0.015625 0.2578125
vt 0.03125 0.2578125
vt 0.046875 0.2578125
vt 0.046875 0.25
vt 0.03125 0.25
vn 0.04711413353921212 0.3545740007237079 0.9338402092604674
vn -0.9833203949982517 0.18087950454689375 -0.019068445541060533
vn -0.04711413353921212 -0.3545740007237079 -0.9338402092604674
vn 0.9833203949982517 -0.18087950454689375 0.019068445541060533
vn 0.1756737294000769 0.9173657301456462 -0.3571818275794757
vn -0.1756737294000769 -0.9173657301456462 0.3571818275794757
usemtl m_0
f 20/52/13 23/51/13 21/50/13 18/49/13
f 19/56/14 20/55/14 18/54/14 17/53/14
f 24/60/15 19/59/15 17/58/15 22/57/15
f 23/64/16 24/63/16 22/62/16 21/61/16
f 22/68/17 17/67/17 18/66/17 21/65/17
f 23/72/18 20/71/18 19/70/18 24/69/18
o hat3
v -0.1250405396601002 2.5195628202606217 -0.25042220182669916
v -0.12265055101754996 2.5585864822700297 -0.0034982423621223724
v -0.14450315362951044 2.2734061276528115 -0.21133141849019232
v -0.1421131649869602 2.3124297896622195 0.03559254097438447
v 0.12657925179857835 2.53898963334579 -0.0028134792831565614
v 0.1241892631560281 2.499965971336382 -0.24973743874773335
v 0.10711663782916811 2.2928329407379797 0.03627730405335028
v 0.10472664918661787 2.2538092787285717 -0.2106466554112265
vt 0.125 0.2890625
vt 0.0625 0.2890625
vt 0.0625 0.2578125
vt 0.125 0.2578125
vt 0.1875 0.2890625
vt 0.125 0.2890625
vt 0.125 0.2578125
vt 0.1875 0.2578125
vt 0.25 0.2890625
vt 0.1875 0.2890625
vt 0.1875 0.2578125
vt 0.25 0.2578125
vt 0.0625 0.2890625
vt 0 0.2890625
vt 0 0.2578125
vt 0.0625 0.2578125
vt 0.0625 0.2890625
vt 0.125 0.2890625
vt 0.125 0.3203125
vt 0.0625 0.3203125
vt 0.125 0.3203125
vt 0.1875 0.3203125
vt 0.1875 0.2890625
vt 0.125 0.2890625
vn 0.009559954570200955 0.15609464803763198 0.9876958378583074
vn -0.9969192112645133 0.07838739569696003 -0.0027390523158632133
vn -0.009559954570200955 -0.15609464803763198 -0.9876958378583074
vn 0.9969192112645133 -0.07838739569696003 0.0027390523158632133
vn 0.07785045587764093 0.9846267704312412 -0.1563631333460272
vn -0.07785045587764093 -0.9846267704312412 0.1563631333460272
usemtl m_0
f 28/76/19 31/75/19 29/74/19 26/73/19
f 27/80/20 28/79/20 26/78/20 25/77/20
f 32/84/21 27/83/21 25/82/21 30/81/21
f 31/88/22 32/87/22 30/86/22 29/85/22
f 30/92/23 25/91/23 26/90/23 29/89/23
f 31/96/24 28/95/24 27/94/24 32/93/24
o hat2
v -0.22551742098678884 2.339893635251807 -0.2678191768028336
v -0.2249180479025074 2.3627827698846207 0.1690812446522924
v -0.23205268941428536 2.090321802913221 -0.2547351877420977
v -0.23145331633000388 2.1132109375460346 0.18216523371302834
v 0.21243203177429892 2.3513303549999263 0.16908124465229235
v 0.21183265869001744 2.3284412203671128 -0.26781917680283374
v 0.20589676334680246 2.1017585226613402 0.18216523371302829
v 0.20529739026252097 2.0788693880285267 -0.25473518774209775
vt 0.21875 0.3515625
vt 0.109375 0.3515625
vt 0.109375 0.3203125
vt 0.21875 0.3203125
vt 0.328125 0.3515625
vt 0.21875 0.3515625
vt 0.21875 0.3203125
vt 0.328125 0.3203125
vt 0.4375 0.3515625
vt 0.328125 0.3515625
vt 0.328125 0.3203125
vt 0.4375 0.3203125
vt 0.109375 0.3515625
vt 0 0.3515625
vt 0 0.3203125
vt 0.109375 0.3203125
vt 0.109375 0.3515625
vt 0.21875 0.3515625
vt 0.21875 0.40625
vt 0.109375 0.40625
vt 0.21875 0.40625
vt 0.328125 0.40625
vt 0.328125 0.3515625
vt 0.21875 0.3515625
vn 0.0013699956212147738 0.052318022017859046 0.998629534754574
vn -0.9996573249755573 0.026176948307873146 1.22514845490862e-16
vn -0.0013699956212147738 -0.052318022017859046 -0.998629534754574
vn 0.9996573249755573 -0.026176948307873146 -1.22514845490862e-16
vn 0.026141073709985883 0.9982873293543426 -0.05233595624294382
vn -0.026141073709985883 -0.9982873293543426 0.05233595624294382
usemtl m_0
f 36/100/25 39/99/25 37/98/25 34/97/25
f 35/104/26 36/103/26 34/102/26 33/101/26
f 40/108/27 35/107/27 33/106/27 38/105/27
f 39/112/28 40/111/28 38/110/28 37/109/28
f 38/116/29 33/115/29 34/114/29 37/113/29
f 39/120/30 36/119/30 35/118/30 40/117/30
o hat
v -0.31250000000000006 2.128125 -0.31249999999999994
v -0.31249999999999994 2.128125 0.31250000000000006
v -0.31250000000000006 2.003125 -0.31249999999999994
v -0.31249999999999994 2.003125 0.31250000000000006
v 0.31250000000000006 2.128125 0.31249999999999994
v 0.31249999999999994 2.128125 -0.31250000000000006
v 0.31250000000000006 2.003125 0.31249999999999994
v 0.31249999999999994 2.003125 -0.31250000000000006
vt 0.3125 0.421875
vt 0.15625 0.421875
vt 0.15625 0.40625
vt 0.3125 0.40625
vt 0.46875 0.421875
vt 0.3125 0.421875
vt 0.3125 0.40625
vt 0.46875 0.40625
vt 0.625 0.421875
vt 0.46875 0.421875
vt 0.46875 0.40625
vt 0.625 0.40625
vt 0.15625 0.421875
vt 0 0.421875
vt 0 0.40625
vt 0.15625 0.40625
vt 0.15625 0.421875
vt 0.3125 0.421875
vt 0.3125 0.5
vt 0.15625 0.5
vt 0.3125 0.5
vt 0.46875 0.5
vt 0.46875 0.421875
vt 0.3125 0.421875
vn 1.2246467991473532e-16 0 1
vn -1 0 1.2246467991473532e-16
vn -1.2246467991473532e-16 0 -1
vn 1 0 -1.2246467991473532e-16
vn 0 1 0
vn 0 -1 0
usemtl m_0
f 44/124/31 47/123/31 45/122/31 42/121/31
f 43/128/32 44/127/32 42/126/32 41/125/32
f 48/132/33 43/131/33 41/130/33 46/129/33
f 47/136/34 48/135/34 46/134/34 45/133/34
f 46/140/35 41/139/35 42/138/35 45/137/35
f 47/144/36 44/143/36 43/142/36 48/141/36
o head
v -0.25000000000000006 2.125 -0.24999999999999997
v -0.24999999999999997 2.125 0.25000000000000006
v -0.25000000000000006 1.5 -0.24999999999999997
v -0.24999999999999997 1.5 0.25000000000000006
v 0.25000000000000006 2.125 0.24999999999999997
v 0.24999999999999997 2.125 -0.25000000000000006
v 0.25000000000000006 1.5 0.24999999999999997
v 0.24999999999999997 1.5 -0.25000000000000006
vt 0.25 0.9375
vt 0.125 0.9375
vt 0.125 0.859375
vt 0.25 0.859375
vt 0.375 0.9375
vt 0.25 0.9375
vt 0.25 0.859375
vt 0.375 0.859375
vt 0.5 0.9375
vt 0.375 0.9375
vt 0.375 0.859375
vt 0.5 0.859375
vt 0.125 0.9375
vt 0 0.9375
vt 0 0.859375
vt 0.125 0.859375
vt 0.125 0.9375
vt 0.25 0.9375
vt 0.25 1
vt 0.125 1
vt 0.25 1
vt 0.375 1
vt 0.375 0.9375
vt 0.25 0.9375
vn 1.2246467991473532e-16 0 1
vn -1 0 1.2246467991473532e-16
vn -1.2246467991473532e-16 0 -1
vn 1 0 -1.2246467991473532e-16
vn 0 1 0
vn 0 -1 0
usemtl m_0
f 52/148/37 55/147/37 53/146/37 50/145/37
f 51/152/38 52/151/38 50/150/38 49/149/38
f 56/156/39 51/155/39 49/154/39 54/153/39
f 55/160/40 56/159/40 54/158/40 53/157/40
f 54/164/41 49/163/41 50/162/41 53/161/41
f 55/168/42 52/167/42 51/166/42 56/165/42
o arms
v -0.25 1.1358342468066 0.05623807947920989
v -0.25 1.30623807947921 0.23916575319339994
v -0.24999999999999994 0.95290657309241 0.22664191215181972
v -0.24999999999999994 1.1233104057650198 0.4095695858660098
v 0.25000000000000006 1.30623807947921 0.23916575319339994
v 0.25 1.1358342468066 0.05623807947920989
v 0.25000000000000006 1.1233104057650198 0.4095695858660098
v 0.25000000000000006 0.95290657309241 0.22664191215181972
vt 0.8125 0.671875
vt 0.6875 0.671875
vt 0.6875 0.640625
vt 0.8125 0.640625
vt 0.875 0.671875
vt 0.8125 0.671875
vt 0.8125 0.640625
vt 0.875 0.640625
vt 1 0.671875
vt 0.875 0.671875
vt 0.875 0.640625
vt 1 0.640625
vt 0.6875 0.671875
vt 0.625 0.671875
vt 0.625 0.640625
vt 0.6875 0.640625
vt 0.6875 0.671875
vt 0.8125 0.671875
vt 0.8125 0.703125
vt 0.6875 0.703125
vt 0.8125 0.703125
vt 0.9375 0.703125
vt 0.9375 0.671875
vt 0.8125 0.671875
vn 8.960871603582171e-17 0.6816153306904394 0.7317106948567602
vn -1 0 1.2246467991473532e-16
vn -8.960871603582171e-17 -0.6816153306904394 -0.7317106948567602
vn 1 0 -1.2246467991473532e-16
vn -8.347380329798113e-17 0.7317106948567602 -0.6816153306904394
vn 8.347380329798113e-17 -0.7317106948567602 0.6816153306904394
usemtl m_0
f 60/172/43 63/171/43 61/170/43 58/169/43
f 59/176/44 60/175/44 58/174/44 57/173/44
f 64/180/45 59/179/45 57/178/45 62/177/45
f 63/184/46 64/183/46 62/182/46 61/181/46
f 62/188/47 57/187/47 58/186/47 61/185/47
f 63/192/48 60/191/48 59/190/48 64/189/48
o arms
v 0.25 1.31876192052079 -0.11416575319340005
v 0.25000000000000006 1.4891657531934002 0.06876192052079011
v 0.25000000000000006 0.95290657309241 0.22664191215181972
v 0.25000000000000006 1.1233104057650198 0.4095695858660098
v 0.5 1.4891657531934002 0.06876192052079
v 0.5 1.31876192052079 -0.11416575319340005
v 0.5000000000000001 1.1233104057650198 0.40956958586600967
v 0.5000000000000001 0.95290657309241 0.2266419121518196
vt 0.8125 0.796875
vt 0.75 0.796875
vt 0.75 0.734375
vt 0.8125 0.734375
vt 0.875 0.796875
vt 0.8125 0.796875
vt 0.8125 0.734375
vt 0.875 0.734375
vt 0.9375 0.796875
vt 0.875 0.796875
vt 0.875 0.734375
vt 0.9375 0.734375
vt 0.75 0.796875
vt 0.6875 0.796875
vt 0.6875 0.734375
vt 0.75 0.734375
vt 0.75 0.796875
vt 0.8125 0.796875
vt 0.8125 0.828125
vt 0.75 0.828125
vt 0.8125 0.828125
vt 0.875 0.828125
vt 0.875 0.796875
vt 0.8125 0.796875
vn 8.960871603582171e-17 0.6816153306904394 0.7317106948567602
vn -1 0 1.2246467991473532e-16
vn -8.960871603582171e-17 -0.6816153306904394 -0.7317106948567602
vn 1 0 -1.2246467991473532e-16
vn -8.347380329798113e-17 0.7317106948567602 -0.6816153306904394
vn 8.347380329798113e-17 -0.7317106948567602 0.6816153306904394
usemtl m_0
f 68/196/49 71/195/49 69/194/49 66/193/49
f 67/200/50 68/199/50 66/198/50 65/197/50
f 72/204/51 67/203/51 65/202/51 70/201/51
f 71/208/52 72/207/52 70/206/52 69/205/52
f 70/212/53 65/211/53 66/210/53 69/209/53
f 71/216/54 68/215/54 67/214/54 72/213/54
o arms
v -0.5 1.31876192052079 -0.11416575319339983
v -0.5 1.4891657531934002 0.06876192052079022
v -0.5 0.95290657309241 0.22664191215181984
v -0.5 1.1233104057650198 0.4095695858660099
v -0.25 1.4891657531934002 0.06876192052079011
v -0.25 1.31876192052079 -0.11416575319340005
v -0.24999999999999994 1.1233104057650198 0.4095695858660098
v -0.24999999999999994 0.95290657309241 0.22664191215181972
vt 0.8125 0.796875
vt 0.75 0.796875
vt 0.75 0.734375
vt 0.8125 0.734375
vt 0.875 0.796875
vt 0.8125 0.796875
vt 0.8125 0.734375
vt 0.875 0.734375
vt 0.9375 0.796875
vt 0.875 0.796875
vt 0.875 0.734375
vt 0.9375 0.734375
vt 0.75 0.796875
vt 0.6875 0.796875
vt 0.6875 0.734375
vt 0.75 0.734375
vt 0.75 0.796875
vt 0.8125 0.796875
vt 0.8125 0.828125
vt 0.75 0.828125
vt 0.8125 0.828125
vt 0.875 0.828125
vt 0.875 0.796875
vt 0.8125 0.796875
vn 8.960871603582171e-17 0.6816153306904394 0.7317106948567602
vn -1 0 1.2246467991473532e-16
vn -8.960871603582171e-17 -0.6816153306904394 -0.7317106948567602
vn 1 0 -1.2246467991473532e-16
vn -8.347380329798113e-17 0.7317106948567602 -0.6816153306904394
vn 8.347380329798113e-17 -0.7317106948567602 0.6816153306904394
usemtl m_0
f 76/220/55 79/219/55 77/218/55 74/217/55
f 75/224/56 76/223/56 74/222/56 73/221/56
f 80/228/57 75/227/57 73/226/57 78/225/57
f 79/232/58 80/231/58 78/230/58 77/229/58
f 78/236/59 73/235/59 74/234/59 77/233/59
f 79/240/60 76/239/60 75/238/60 80/237/60
o leg0
v -1.5308084989341915e-17 0.75 -0.125
v 1.5308084989341915e-17 0.75 0.125
v -1.5308084989341915e-17 0 -0.125
v 1.5308084989341915e-17 0 0.125
v 0.25 0.75 0.12499999999999997
v 0.24999999999999997 0.75 -0.12500000000000003
v 0.25 0 0.12499999999999997
v 0.24999999999999997 0 -0.12500000000000003
vt 0.125 0.796875
vt 0.0625 0.796875
vt 0.0625 0.703125
vt 0.125 0.703125
vt 0.1875 0.796875
vt 0.125 0.796875
vt 0.125 0.703125
vt 0.1875 0.703125
vt 0.25 0.796875
vt 0.1875 0.796875
vt 0.1875 0.703125
vt 0.25 0.703125
vt 0.0625 0.796875
vt 0 0.796875
vt 0 0.703125
vt 0.0625 0.703125
vt 0.0625 0.796875
vt 0.125 0.796875
vt 0.125 0.828125
vt 0.0625 0.828125
vt 0.125 0.828125
vt 0.1875 0.828125
vt 0.1875 0.796875
vt 0.125 0.796875
vn 1.2246467991473532e-16 0 1
vn -1 0 1.2246467991473532e-16
vn -1.2246467991473532e-16 0 -1
vn 1 0 -1.2246467991473532e-16
vn 0 1 0
vn 0 -1 0
usemtl m_0
f 84/244/61 87/243/61 85/242/61 82/241/61
f 83/248/62 84/247/62 82/246/62 81/245/62
f 88/252/63 83/251/63 81/250/63 86/249/63
f 87/256/64 88/255/64 86/254/64 85/253/64
f 86/260/65 81/259/65 82/258/65 85/257/65
f 87/264/66 84/263/66 83/262/66 88/261/66
o leg1
v -0.25 0.75 -0.12499999999999997
v -0.24999999999999997 0.75 0.12500000000000003
v -0.25 0 -0.12499999999999997
v -0.24999999999999997 0 0.12500000000000003
v 1.5308084989341915e-17 0.75 0.125
v -1.5308084989341915e-17 0.75 -0.125
v 1.5308084989341915e-17 0 0.125
v -1.5308084989341915e-17 0 -0.125
vt 0.0625 0.796875
vt 0.125 0.796875
vt 0.125 0.703125
vt 0.0625 0.703125
vt 0 0.796875
vt 0.0625 0.796875
vt 0.0625 0.703125
vt 0 0.703125
vt 0.1875 0.796875
vt 0.25 0.796875
vt 0.25 0.703125
vt 0.1875 0.703125
vt 0.125 0.796875
vt 0.1875 0.796875
vt 0.1875 0.703125
vt 0.125 0.703125
vt 0.125 0.796875
vt 0.0625 0.796875
vt 0.0625 0.828125
vt 0.125 0.828125
vt 0.1875 0.828125
vt 0.125 0.828125
vt 0.125 0.796875
vt 0.1875 0.796875
vn 1.2246467991473532e-16 0 1
vn -1 0 1.2246467991473532e-16
vn -1.2246467991473532e-16 0 -1
vn 1 0 -1.2246467991473532e-16
vn 0 1 0
vn 0 -1 0
usemtl m_0
f 92/268/67 95/267/67 93/266/67 90/265/67
f 91/272/68 92/271/68 90/270/68 89/269/68
f 96/276/69 91/275/69 89/274/69 94/273/69
f 95/280/70 96/279/70 94/278/70 93/277/70
f 94/284/71 89/283/71 90/282/71 93/281/71
f 95/288/72 92/287/72 91/286/72 96/285/72
o body
v -0.25 1.5 -0.18749999999999997
v -0.24999999999999997 1.5 0.18750000000000003
v -0.25 0.75 -0.18749999999999997
v -0.24999999999999997 0.75 0.18750000000000003
v 0.25 1.5 0.18749999999999997
v 0.24999999999999997 1.5 -0.18750000000000003
v 0.25 0.75 0.18749999999999997
v 0.24999999999999997 0.75 -0.18750000000000003
vt 0.46875 0.796875
vt 0.34375 0.796875
vt 0.34375 0.703125
vt 0.46875 0.703125
vt 0.5625 0.796875
vt 0.46875 0.796875
vt 0.46875 0.703125
vt 0.5625 0.703125
vt 0.6875 0.796875
vt 0.5625 0.796875
vt 0.5625 0.703125
vt 0.6875 0.703125
vt 0.34375 0.796875
vt 0.25 0.796875
vt 0.25 0.703125
vt 0.34375 0.703125
vt 0.34375 0.796875
vt 0.46875 0.796875
vt 0.46875 0.84375
vt 0.34375 0.84375
vt 0.46875 0.84375
vt 0.59375 0.84375
vt 0.59375 0.796875
vt 0.46875 0.796875
vn 1.2246467991473532e-16 0 1
vn -1 0 1.2246467991473532e-16
vn -1.2246467991473532e-16 0 -1
vn 1 0 -1.2246467991473532e-16
vn 0 1 0
vn 0 -1 0
usemtl m_0
f 100/292/73 103/291/73 101/290/73 98/289/73
f 99/296/74 100/295/74 98/294/74 97/293/74
f 104/300/75 99/299/75 97/298/75 102/297/75
f 103/304/76 104/303/76 102/302/76 101/301/76
f 102/308/77 97/307/77 98/306/77 101/305/77
f 103/312/78 100/311/78 99/310/78 104/309/78
o body
v -0.28125 1.53125 -0.21874999999999997
v -0.28125 1.53125 0.21875000000000003
v -0.28125 0.34375 -0.21874999999999997
v -0.28125 0.34375 0.21875000000000003
v 0.28125 1.53125 0.21874999999999997
v 0.28125 1.53125 -0.21875000000000003
v 0.28125 0.34375 0.21874999999999997
v 0.28125 0.34375 -0.21875000000000003
vt 0.21875 0.65625
vt 0.09375 0.65625
vt 0.09375 0.515625
vt 0.21875 0.515625
vt 0.3125 0.65625
vt 0.21875 0.65625
vt 0.21875 0.515625
vt 0.3125 0.515625
vt 0.4375 0.65625
vt 0.3125 0.65625
vt 0.3125 0.515625
vt 0.4375 0.515625
vt 0.09375 0.65625
vt 0 0.65625
vt 0 0.515625
vt 0.09375 0.515625
vt 0.09375 0.65625
vt 0.21875 0.65625
vt 0.21875 0.703125
vt 0.09375 0.703125
vt 0.21875 0.703125
vt 0.34375 0.703125
vt 0.34375 0.65625
vt 0.21875 0.65625
vn 1.2246467991473532e-16 0 1
vn -1 0 1.2246467991473532e-16
vn -1.2246467991473532e-16 0 -1
vn 1 0 -1.2246467991473532e-16
vn 0 1 0
vn 0 -1 0
usemtl m_0
f 108/316/79 111/315/79 109/314/79 106/313/79
f 107/320/80 108/319/80 106/318/80 105/317/80
f 112/324/81 107/323/81 105/322/81 110/321/81
f 111/328/82 112/327/82 110/326/82 109/325/82
f 110/332/83 105/331/83 106/330/83 109/329/83
f 111/336/84 108/335/84 107/334/84 112/333/84