# Made in Blockbench 4.3.1
mtllib hoglin.geo.mtl

o right_ear
v -0.6785453536324522 1.3433418966423185 0.3720040807675401
v -0.6785453536324522 1.151830785862574 0.5327009831891748
v -0.6306675759375162 1.31751840219441 0.3412288384859087
v -0.6306675759375162 1.1260072914146655 0.5019257409075434
v -0.4374999999999998 1.336482239552363 0.7527600165017242
v -0.4374999999999998 1.5279933503321075 0.5920631140800895
v -0.3896222223050638 1.3106587451044545 0.7219847742200928
v -0.3896222223050638 1.502169855884199 0.5612878717984581
vt 0.0390625 0.921875
vt 0.0859375 0.921875
vt 0.0859375 0.90625
vt 0.0390625 0.90625
vt 0.0078125 0.921875
vt 0.0390625 0.921875
vt 0.0390625 0.90625
vt 0.0078125 0.90625
vt 0.1171875 0.921875
vt 0.1640625 0.921875
vt 0.1640625 0.90625
vt 0.1171875 0.90625
vt 0.0859375 0.921875
vt 0.1171875 0.921875
vt 0.1171875 0.90625
vt 0.0859375 0.90625
vt 0.0859375 0.921875
vt 0.0390625 0.921875
vt 0.0390625 0.984375
vt 0.0859375 0.984375
vt 0.1328125 0.984375
vt 0.0859375 0.984375
vt 0.0859375 0.921875
vt 0.1328125 0.921875
vn 8.326672684688677e-17 -0.7660444431189781 0.6427876096865393
vn -0.6427876096865394 -0.49240387650610407 -0.5868240888334652
vn -8.326672684688677e-17 0.7660444431189781 -0.6427876096865393
vn 0.6427876096865394 0.49240387650610407 0.5868240888334652
vn -0.7660444431189779 0.41317591116653474 0.4924038765061041
vn 0.7660444431189779 -0.41317591116653474 -0.4924038765061041
usemtl m_0
f 4/4/1 7/3/1 5/2/1 2/1/1
f 3/8/2 4/7/2 2/6/2 1/5/2
f 8/12/3 3/11/3 1/10/3 6/9/3
f 7/16/4 8/15/4 6/14/4 5/13/4
f 6/20/5 1/19/5 2/18/5 5/17/5
f 7/24/6 4/23/6 3/22/6 8/21/6
o left_ear
v 0.4375000000000002 1.5279933503321075 0.5920631140800894
v 0.4375000000000002 1.336482239552363 0.7527600165017241
v 0.38962222230506405 1.502169855884199 0.5612878717984577
v 0.38962222230506405 1.3106587451044545 0.7219847742200927
v 0.6785453536324524 1.151830785862574 0.5327009831891747
v 0.6785453536324524 1.3433418966423185 0.3720040807675399
v 0.6306675759375162 1.1260072914146655 0.5019257409075432
v 0.6306675759375162 1.31751840219441 0.34122883848590835
vt 0.0390625 0.84375
vt 0.0859375 0.84375
vt 0.0859375 0.828125
vt 0.0390625 0.828125
vt 0.0078125 0.84375
vt 0.0390625 0.84375
vt 0.0390625 0.828125
vt 0.0078125 0.828125
vt 0.1171875 0.84375
vt 0.1640625 0.84375
vt 0.1640625 0.828125
vt 0.1171875 0.828125
vt 0.0859375 0.84375
vt 0.1171875 0.84375
vt 0.1171875 0.828125
vt 0.0859375 0.828125
vt 0.0859375 0.84375
vt 0.0390625 0.84375
vt 0.0390625 0.90625
vt 0.0859375 0.90625
vt 0.1328125 0.90625
vt 0.0859375 0.90625
vt 0.0859375 0.84375
vt 0.1328125 0.84375
vn 1.1102230246251568e-16 -0.7660444431189781 0.6427876096865393
vn -0.6427876096865391 0.49240387650610407 0.5868240888334654
vn -1.1102230246251568e-16 0.7660444431189781 -0.6427876096865393
vn 0.6427876096865391 -0.49240387650610407 -0.5868240888334654
vn 0.7660444431189782 0.41317591116653485 0.49240387650610395
vn -0.7660444431189782 -0.41317591116653485 -0.49240387650610395
usemtl m_0
f 12/28/7 15/27/7 13/26/7 10/25/7
f 11/32/8 12/31/8 10/30/8 9/29/8
f 16/36/9 11/35/9 9/34/9 14/33/9
f 15/40/10 16/39/10 14/38/10 13/37/10
f 14/44/11 9/43/11 10/42/11 13/41/11
f 15/48/12 12/47/12 11/46/12 16/45/12
o head
v -0.43749999999999994 1.5758711280270437 0.5518888884746807
v -0.43749999999999983 0.6661933518232572 1.3151991749774459
v -0.4375 1.3348257743945915 0.2646222223050638
v -0.4374999999999999 0.42514799819080495 1.0279325088078293
v 0.43750000000000017 0.6661933518232572 1.3151991749774459
v 0.43750000000000006 1.5758711280270437 0.5518888884746807
v 0.4375000000000001 0.42514799819080495 1.0279325088078293
v 0.4375 1.3348257743945915 0.2646222223050638
vt 0.625 0.6875
vt 0.734375 0.6875
vt 0.734375 0.59375
vt 0.625 0.59375
vt 0.4765625 0.6875
vt 0.625 0.6875
vt 0.625 0.59375
vt 0.4765625 0.59375
vt 0.8828125 0.6875
vt 0.9921875 0.6875
vt 0.9921875 0.59375
vt 0.8828125 0.59375
vt 0.734375 0.6875
vt 0.8828125 0.6875
vt 0.8828125 0.59375
vt 0.734375 0.59375
vt 0.734375 0.6875
vt 0.625 0.6875
vt 0.625 0.984375
vt 0.734375 0.984375
vt 0.84375 0.984375
vt 0.734375 0.984375
vt 0.734375 0.6875
vt 0.84375 0.6875
vn 7.871877887341985e-17 -0.766044443118978 0.6427876096865393
vn -1 0 1.2246467991473532e-16
vn -7.871877887341985e-17 0.766044443118978 -0.6427876096865393
vn 1 0 -1.2246467991473532e-16
vn 9.381338752702731e-17 0.6427876096865393 0.766044443118978
vn -9.381338752702731e-17 -0.6427876096865393 -0.766044443118978
usemtl m_0
f 20/52/13 23/51/13 21/50/13 18/49/13
f 19/56/14 20/55/14 18/54/14 17/53/14
f 24/60/15 19/59/15 17/58/15 22/57/15
f 23/64/16 24/63/16 22/62/16 21/61/16
f 22/68/17 17/67/17 18/66/17 21/65/17
f 23/72/18 20/71/18 19/70/18 24/69/18
o head
v -0.49999999999999983 1.2423831493202622 1.321246261909202
v -0.49999999999999983 1.14662759393039 1.4015947131200195
v -0.4999999999999999 0.8004666676607665 0.7945907072649045
v -0.4999999999999999 0.7047111122708942 0.874939158475722
v -0.37499999999999983 1.14662759393039 1.4015947131200195
v -0.37499999999999983 1.2423831493202622 1.321246261909202
v -0.3749999999999999 0.7047111122708942 0.874939158475722
v -0.3749999999999999 0.8004666676607665 0.7945907072649045
vt 0.0234375 0.765625
vt 0.0390625 0.765625
vt 0.0390625 0.59375
vt 0.0234375 0.59375
vt 0.0078125 0.765625
vt 0.0234375 0.765625
vt 0.0234375 0.59375
vt 0.0078125 0.59375
vt 0.0546875 0.765625
vt 0.0703125 0.765625
vt 0.0703125 0.59375
vt 0.0546875 0.59375
vt 0.0390625 0.765625
vt 0.0546875 0.765625
vt 0.0546875 0.59375
vt 0.0390625 0.59375
vt 0.0390625 0.765625
vt 0.0234375 0.765625
vt 0.0234375 0.796875
vt 0.0390625 0.796875
vt 0.0546875 0.796875
vt 0.0390625 0.796875
vt 0.0390625 0.765625
vt 0.0546875 0.765625
vn 7.871877887341985e-17 -0.766044443118978 0.6427876096865393
vn -1 0 1.2246467991473532e-16
vn -7.871877887341985e-17 0.766044443118978 -0.6427876096865393
vn 1 0 -1.2246467991473532e-16
vn 9.381338752702731e-17 0.6427876096865393 0.766044443118978
vn -9.381338752702731e-17 -0.6427876096865393 -0.766044443118978
usemtl m_0
f 28/76/19 31/75/19 29/74/19 26/73/19
f 27/80/20 28/79/20 26/78/20 25/77/20
f 32/84/21 27/83/21 25/82/21 30/81/21
f 31/88/22 32/87/22 30/86/22 29/85/22
f 30/92/23 25/91/23 26/90/23 29/89/23
f 31/96/24 28/95/24 27/94/24 32/93/24
o head
v 0.37500000000000017 1.2423831493202622 1.321246261909202
v 0.37500000000000017 1.14662759393039 1.4015947131200195
v 0.3750000000000001 0.8004666676607665 0.7945907072649045
v 0.3750000000000001 0.7047111122708942 0.874939158475722
v 0.5000000000000002 1.14662759393039 1.4015947131200195
v 0.5000000000000002 1.2423831493202622 1.321246261909202
v 0.5000000000000001 0.7047111122708942 0.874939158475722
v 0.5000000000000001 0.8004666676607665 0.7945907072649045
vt 0.0234375 0.765625
vt 0.0390625 0.765625
vt 0.0390625 0.59375
vt 0.0234375 0.59375
vt 0.0078125 0.765625
vt 0.0234375 0.765625
vt 0.0234375 0.59375
vt 0.0078125 0.59375
vt 0.0546875 0.765625
vt 0.0703125 0.765625
vt 0.0703125 0.59375
vt 0.0546875 0.59375
vt 0.0390625 0.765625
vt 0.0546875 0.765625
vt 0.0546875 0.59375
vt 0.0390625 0.59375
vt 0.0390625 0.765625
vt 0.0234375 0.765625
vt 0.0234375 0.796875
vt 0.0390625 0.796875
vt 0.0546875 0.796875
vt 0.0390625 0.796875
vt 0.0390625 0.765625
vt 0.0546875 0.765625
vn 7.871877887341985e-17 -0.766044443118978 0.6427876096865393
vn -1 0 1.2246467991473532e-16
vn -7.871877887341985e-17 0.766044443118978 -0.6427876096865393
vn 1 0 -1.2246467991473532e-16
vn 9.381338752702731e-17 0.6427876096865393 0.766044443118978
vn -9.381338752702731e-17 -0.6427876096865393 -0.766044443118978
usemtl m_0
f 36/100/25 39/99/25 37/98/25 34/97/25
f 35/104/26 36/103/26 34/102/26 33/101/26
f 40/108/27 35/107/27 33/106/27 38/105/27
f 39/112/28 40/111/28 38/110/28 37/109/28
f 38/116/29 33/115/29 34/114/29 37/113/29
f 39/120/30 36/119/30 35/118/30 40/117/30
o body
v -0.5012500000000001 1.56375 -1.18875
v -0.50125 1.56375 0.43875000000000003
v -0.5012500000000001 0.68625 -1.18875
v -0.50125 0.68625 0.43875000000000003
v 0.50125 1.56375 0.4387499999999999
v 0.5012499999999999 1.56375 -1.18875
v 0.50125 0.68625 0.4387499999999999
v 0.5012499999999999 0.68625 -1.18875
vt 0.2109375 0.578125
vt 0.3359375 0.578125
vt 0.3359375 0.359375
vt 0.2109375 0.359375
vt 0.0078125 0.578125
vt 0.2109375 0.578125
vt 0.2109375 0.359375
vt 0.0078125 0.359375
vt 0.5390625 0.578125
vt 0.6640625 0.578125
vt 0.6640625 0.359375
vt 0.5390625 0.359375
vt 0.3359375 0.578125
vt 0.5390625 0.578125
vt 0.5390625 0.359375
vt 0.3359375 0.359375
vt 0.3359375 0.578125
vt 0.2109375 0.578125
vt 0.2109375 0.984375
vt 0.3359375 0.984375
vt 0.4609375 0.984375
vt 0.3359375 0.984375
vt 0.3359375 0.578125
vt 0.4609375 0.578125
vn 1.2246467991473532e-16 0 1
vn -1 0 1.2246467991473532e-16
vn -1.2246467991473532e-16 0 -1
vn 1 0 -1.2246467991473532e-16
vn 0 1 0
vn 0 -1 0
usemtl m_0
f 44/124/31 47/123/31 45/122/31 42/121/31
f 43/128/32 44/127/32 42/126/32 41/125/32
f 48/132/33 43/131/33 41/130/33 46/129/33
f 47/136/34 48/135/34 46/134/34 45/133/34
f 46/140/35 41/139/35 42/138/35 45/137/35
f 47/144/36 44/143/36 43/142/36 48/141/36
o body
v -0.001250000000000069 2.00125 -0.56375
v -0.0012499999999999233 2.00125 0.62625
v -0.001250000000000069 1.37375 -0.56375
v -0.0012499999999999233 1.37375 0.62625
v 0.0012500000000000768 2.00125 0.62625
v 0.001249999999999931 2.00125 -0.56375
v 0.0012500000000000768 1.37375 0.62625
v 0.001249999999999931 1.37375 -0.56375
vt 0.8515625 0.1875
vt 0.8515625 0.1875
vt 0.8515625 0.03125
vt 0.8515625 0.03125
vt 0.703125 0.1875
vt 0.8515625 0.1875
vt 0.8515625 0.03125
vt 0.703125 0.03125
vt 1 0.1875
vt 1 0.1875
vt 1 0.03125
vt 1 0.03125
vt 0.8515625 0.1875
vt 1 0.1875
vt 1 0.03125
vt 0.8515625 0.03125
vt 0.8515625 0.1875
vt 0.8515625 0.1875
vt 0.8515625 0.484375
vt 0.8515625 0.484375
vt 0.8515625 0.484375
vt 0.8515625 0.484375
vt 0.8515625 0.1875
vt 0.8515625 0.1875
vn 1.2246467991473532e-16 0 1
vn -1 0 1.2246467991473532e-16
vn -1.2246467991473532e-16 0 -1
vn 1 0 -1.2246467991473532e-16
vn 0 1 0
vn 0 -1 0
usemtl m_0
f 52/148/37 55/147/37 53/146/37 50/145/37
f 51/152/38 52/151/38 50/150/38 49/149/38
f 56/156/39 51/155/39 49/154/39 54/153/39
f 55/160/40 56/159/40 54/158/40 53/157/40
f 54/164/41 49/163/41 50/162/41 53/161/41
f 55/168/42 52/167/42 51/166/42 56/165/42
o leg_back_right
v -0.5000000000000001 0.6875 -1.125
v -0.5000000000000001 0.6875 -0.8124999999999999
v -0.5000000000000001 0 -1.125
v -0.5000000000000001 0 -0.8124999999999999
v -0.1875000000000001 0.6875 -0.8125
v -0.18750000000000014 0.6875 -1.125
v -0.1875000000000001 0 -0.8125
v -0.18750000000000014 0 -1.125
vt 0.203125 0.21875
vt 0.2421875 0.21875
vt 0.2421875 0.046875
vt 0.203125 0.046875
vt 0.1640625 0.21875
vt 0.203125 0.21875
vt 0.203125 0.046875
vt 0.1640625 0.046875
vt 0.28125 0.21875
vt 0.3203125 0.21875
vt 0.3203125 0.046875
vt 0.28125 0.046875
vt 0.2421875 0.21875
vt 0.28125 0.21875
vt 0.28125 0.046875
vt 0.2421875 0.046875
vt 0.2421875 0.21875
vt 0.203125 0.21875
vt 0.203125 0.296875
vt 0.2421875 0.296875
vt 0.28125 0.296875
vt 0.2421875 0.296875
vt 0.2421875 0.21875
vt 0.28125 0.21875
vn 1.2246467991473532e-16 0 1
vn -1 0 1.2246467991473532e-16
vn -1.2246467991473532e-16 0 -1
vn 1 0 -1.2246467991473532e-16
vn 0 1 0
vn 0 -1 0
usemtl m_0
f 60/172/43 63/171/43 61/170/43 58/169/43
f 59/176/44 60/175/44 58/174/44 57/173/44
f 64/180/45 59/179/45 57/178/45 62/177/45
f 63/184/46 64/183/46 62/182/46 61/181/46
f 62/188/47 57/187/47 58/186/47 61/185/47
f 63/192/48 60/191/48 59/190/48 64/189/48
o leg_back_left
v 0.18749999999999986 0.6875 -1.125
v 0.1874999999999999 0.6875 -0.8125
v 0.18749999999999986 0 -1.125
v 0.1874999999999999 0 -0.8125
v 0.4999999999999999 0.6875 -0.8125000000000001
v 0.4999999999999999 0.6875 -1.125
v 0.4999999999999999 0 -0.8125000000000001
v 0.4999999999999999 0 -1.125
vt 0.0390625 0.21875
vt 0.078125 0.21875
vt 0.078125 0.046875
vt 0.0390625 0.046875
vt 0 0.21875
vt 0.0390625 0.21875
vt 0.0390625 0.046875
vt 0 0.046875
vt 0.1171875 0.21875
vt 0.15625 0.21875
vt 0.15625 0.046875
vt 0.1171875 0.046875
vt 0.078125 0.21875
vt 0.1171875 0.21875
vt 0.1171875 0.046875
vt 0.078125 0.046875
vt 0.078125 0.21875
vt 0.0390625 0.21875
vt 0.0390625 0.296875
vt 0.078125 0.296875
vt 0.1171875 0.296875
vt 0.078125 0.296875
vt 0.078125 0.21875
vt 0.1171875 0.21875
vn 1.2246467991473532e-16 0 1
vn -1 0 1.2246467991473532e-16
vn -1.2246467991473532e-16 0 -1
vn 1 0 -1.2246467991473532e-16
vn 0 1 0
vn 0 -1 0
usemtl m_0
f 68/196/49 71/195/49 69/194/49 66/193/49
f 67/200/50 68/199/50 66/198/50 65/197/50
f 72/204/51 67/203/51 65/202/51 70/201/51
f 71/208/52 72/207/52 70/206/52 69/205/52
f 70/212/53 65/211/53 66/210/53 69/209/53
f 71/216/54 68/215/54 67/214/54 72/213/54
o leg_front_right
v -0.5 0.875 6.123233995736766e-17
v -0.49999999999999994 0.875 0.37500000000000006
v -0.5 0 6.123233995736766e-17
v -0.49999999999999994 0 0.37500000000000006
v -0.12499999999999996 0.875 0.375
v -0.125 0.875 1.5308084989341915e-17
v -0.12499999999999996 0 0.375
v -0.125 0 1.5308084989341915e-17
vt 0.5625 0.25
vt 0.609375 0.25
vt 0.609375 0.03125
vt 0.5625 0.03125
vt 0.515625 0.25
vt 0.5625 0.25
vt 0.5625 0.03125
vt 0.515625 0.03125
vt 0.65625 0.25
vt 0.703125 0.25
vt 0.703125 0.03125
vt 0.65625 0.03125
vt 0.609375 0.25
vt 0.65625 0.25
vt 0.65625 0.03125
vt 0.609375 0.03125
vt 0.609375 0.25
vt 0.5625 0.25
vt 0.5625 0.34375
vt 0.609375 0.34375
vt 0.65625 0.34375
vt 0.609375 0.34375
vt 0.609375 0.25
vt 0.65625 0.25
vn 1.2246467991473532e-16 0 1
vn -1 0 1.2246467991473532e-16
vn -1.2246467991473532e-16 0 -1
vn 1 0 -1.2246467991473532e-16
vn 0 1 0
vn 0 -1 0
usemtl m_0
f 76/220/55 79/219/55 77/218/55 74/217/55
f 75/224/56 76/223/56 74/222/56 73/221/56
f 80/228/57 75/227/57 73/226/57 78/225/57
f 79/232/58 80/231/58 78/230/58 77/229/58
f 78/236/59 73/235/59 74/234/59 77/233/59
f 79/240/60 76/239/60 75/238/60 80/237/60
o leg_front_left
v 0.125 0.875 -1.5308084989341915e-17
v 0.12500000000000006 0.875 0.375
v 0.125 0 -1.5308084989341915e-17
v 0.12500000000000006 0 0.375
v 0.5 0.875 0.37499999999999994
v 0.5 0.875 -6.123233995736766e-17
v 0.5 0 0.37499999999999994
v 0.5 0 -6.123233995736766e-17
vt 0.3671875 0.25
vt 0.4140625 0.25
vt 0.4140625 0.03125
vt 0.3671875 0.03125
vt 0.3203125 0.25
vt 0.3671875 0.25
vt 0.3671875 0.03125
vt 0.3203125 0.03125
vt 0.4609375 0.25
vt 0.5078125 0.25
vt 0.5078125 0.03125
vt 0.4609375 0.03125
vt 0.4140625 0.25
vt 0.4609375 0.25
vt 0.4609375 0.03125
vt 0.4140625 0.03125
vt 0.4140625 0.25
vt 0.3671875 0.25
vt 0.3671875 0.34375
vt 0.4140625 0.34375
vt 0.4609375 0.34375
vt 0.4140625 0.34375
vt 0.4140625 0.25
vt 0.4609375 0.25
vn 1.2246467991473532e-16 0 1
vn -1 0 1.2246467991473532e-16
vn -1.2246467991473532e-16 0 -1
vn 1 0 -1.2246467991473532e-16
vn 0 1 0
vn 0 -1 0
usemtl m_0
f 84/244/61 87/243/61 85/242/61 82/241/61
f 83/248/62 84/247/62 82/246/62 81/245/62
f 88/252/63 83/251/63 81/250/63 86/249/63
f 87/256/64 88/255/64 86/254/64 85/253/64
f 86/260/65 81/259/65 82/258/65 85/257/65
f 87/264/66 84/263/66 83/262/66 88/261/66